15063
10048
7078
23957
30501
17332
31318
22295
14444
23834
23447
29050
23158
14878
31338
481
9850
23927
10759
29943
11112
10594
2553
25255
26919
8074
20498
6962
2967
27362
18566
2018
16001
10693
828
29575
2879
28088
10212
16911
16256
675
22136
21127
10349
22531
19452
372
15882
2919
20734
11294
12850
25050
27533
23209
23163
3197
23897
17165
5253
15064
7698
17643
12023
27495
25446
16593
3853
17910
11978
24131
4289
24109
29432
20136
8068
4394
27771
1093
19811
3517
28312
23206
4772
4349
32043
16005
29784
5063
3892
31293
6069
15953
2781
15057
26282
387
20293
12950
10975
24359
30212
29242
20422
7295
8327
14495
4237
31142
10931
17468
11036
10336
6627
32266
18657
14598
18429
15970
24077
16510
25620
2404
1293
18987
10785
27691
32489
3363
24497
7668
6915
21852
22597
5326
20360
26387
21191
30913
9653
28797
816
27744
31712
24089
32450
22751
18759
3366
12599
5150
31195
14315
26693
23581
25423
32365
1288
28054
16723
15405
2428
18766
24253
12084
20318
760
9675
5561
6177
21384
18746
7265
9247
26888
4439
1154
30002
14680
18313
7326
14230
22792
22490
22268
32355
27467
4331
3485
20302
13254
28487
27694
30963
559
14629
1534
639
2917
15652
19316
7356
15569
14723
13422
3588
20718
11087
25675
24071
23582
1633
29598
5811
12690
7012
29068
14549
32601
8057
10299
4652
21438
8213
12292
21173
14861
19188
18558
15625
4664
21684
12248
8475
15457
15821
17797
30212
10019
15731
26303
21447
15026
2272
6175
27960
11482
16267
15254
18069
31396
15019
26901
24401
4873
21659
2760
11693
3708
23762
1767
5303
1865
26941
27929
20893
15961
26922
506
24443
26888
